1945 1794
2294 24
970 590
343 1633
2157 1205
86 2122
1851 1008
960 1413
1392 815
2220 2285
490 1913
798 698
2478 2165
2320 1107
1229 1358
10 1266
771 227
702 260
1817 1331
2219 479
1207 1344
946 2356
258 2281
1516 1268
213 627
3 2360
1916 2363
2218 1127
1566 1563
824 686
1468 2197
921 225
40 1556
340 1574
1507 1097
1095 1507
934 1481
2476 1928
1146 809
1916 834
1946 423
2001 2213
58 1145
1475 361
82 1010
564 1245
455 1408
237 858
894 1913
158 2066
538 2168
2412 2392
824 1252
2419 1323
1259 1046
65 162
1954 1740
2050 600
1859 1265
584 1423
1630 1039
1117 202
2174 2298
1215 2352
595 1880
2274 2301
1979 1261
1279 872
1043 263
822 279
945 1201
364 927
639 2020
1237 2271
1023 106
1520 1110
1849 2155
763 741
1386 2030
1671 1808
1315 867
799 1865
118 788
362 934
1230 1045
726 516
1439 940
197 876
2004 2105
1734 1826
2351 1673
2275 1170
1228 1530
2250 1203
449 2462
2299 21
1096 1682
2127 1650
1661 1963
393 1989
